ID	C_N	Carbon	Ntot	P2O5	K2O	N_NH4	N_NO3	pHh2o	pHCaCl2	EA	HA	Lake_dist	Depth
C_N	1.0	0.4991012874941612	0.40330155845866716	0.4240803923421771	0.5137050869755476	0.45275796240011196	0.583426184824382	0.05305200060890234	-0.09163487732870618	0.6059649736274229	0.8614390040703845	-0.16967617688852196	-0.7426143625512968
Carbon	0.4991012874941612	1.0	0.9822831436092583	0.8073579625134766	0.8770306580212475	0.9402511163477903	0.7643469294515688	0.6453788503274378	0.634096277280253	0.6689973837377707	0.7013234335582338	-0.21687450186906715	-0.5490958578861511
Ntot	0.40330155845866716	0.9822831436092583	1.0	0.7228151029071708	0.8263750897075628	0.9429156196771388	0.6709264280289245	0.6271875487383799	0.64752469794781	0.6846257107430214	0.6365963063678676	-0.28487000337731877	-0.5201231426948201
P2O5	0.4240803923421771	0.8073579625134766	0.7228151029071708	1.0	0.9460674611996971	0.7190586561140386	0.8850795539643761	0.6006280761401169	0.5024691037139313	0.3190656341524859	0.49958512700962454	0.14356342545629616	-0.3816728529915777
K2O	0.5137050869755476	0.8770306580212475	0.8263750897075628	0.9460674611996971	1.0	0.8496897523901054	0.9156800312782845	0.5482891533118488	0.45138682344867903	0.450758152597864	0.575584561546294	0.012704053230465692	-0.5023117071810538
N_NH4	0.45275796240011196	0.9402511163477903	0.9429156196771388	0.7190586561140386	0.8496897523901054	1.0	0.8061469158952197	0.5996029633854777	0.6105729883310037	0.5926478012956871	0.6186534109706645	-0.2228895924988089	-0.5206221855659976
N_NO3	0.583426184824382	0.7643469294515688	0.6709264280289245	0.8850795539643761	0.9156800312782845	0.8061469158952197	1.0	0.4937366545222705	0.3913262159867965	0.3221257695349743	0.568210303874107	0.11700938063033214	-0.46516924762493056
pHh2o	0.05305200060890234	0.6453788503274378	0.6271875487383799	0.6006280761401169	0.5482891533118488	0.5996029633854777	0.4937366545222705	1.0	0.9232530592730975	0.13161089054097108	0.38323845164813747	-0.24140633389769486	-0.0116657093279848
pHCaCl2	-0.09163487732870618	0.634096277280253	0.64752469794781	0.5024691037139313	0.45138682344867903	0.6105729883310037	0.3913262159867965	0.9232530592730975	1.0	0.21590663856542885	0.23416654954943905	-0.14889248498098795	0.022975866512670595
EA	0.6059649736274229	0.6689973837377707	0.6846257107430214	0.3190656341524859	0.450758152597864	0.5926478012956871	0.3221257695349743	0.13161089054097108	0.21590663856542885	1.0	0.6826748756105738	-0.36203293748582693	-0.6944465308348656
HA	0.8614390040703845	0.7013234335582338	0.6365963063678676	0.49958512700962454	0.575584561546294	0.6186534109706645	0.568210303874107	0.38323845164813747	0.23416654954943905	0.6826748756105738	1.0	-0.4658749145482894	-0.6997248221389117
Lake_dist	-0.16967617688852196	-0.21687450186906715	-0.28487000337731877	0.14356342545629616	0.012704053230465692	-0.2228895924988089	0.11700938063033214	-0.24140633389769486	-0.14889248498098795	-0.36203293748582693	-0.4658749145482894	1.0	0.39751277499959253
Depth	-0.7426143625512968	-0.5490958578861511	-0.5201231426948201	-0.3816728529915777	-0.5023117071810538	-0.5206221855659976	-0.46516924762493056	-0.0116657093279848	0.022975866512670595	-0.6944465308348656	-0.6997248221389117	0.39751277499959253	1.0
